+++
313131313131313131313131313131313131313131313131313
121202020202020212120212121202021202021202120202021
303030303030303130303030303030303030303030303030313
120202020202020212021204120202120202020212021212021
303030313030303030303031303030303031303130303030303
120212020202020212020212021202120202021202020202021
303030313030303031303030303030303030303030303030303
121202021202020202120202020202021202120212020202021
303030303030303030303030303030313030313031313131303
120202020202020202020202020212021202020212020202021
303131303031313030303030303030313030303031303030303
120202020202021202021202120202120202020202020202021
303130303130303030303030303030303130303130303030303
120202021212120212020202020202020202120202020212021
303030303030303031303030303130313030303031313130313
120202020202020202020212020202020202020202120202021
303030303030303030303030303030303030303030303031303
120202020202020202020202020202020202020202020202021
303030303031313130303130303030303030313030303030303
120212021212020202020202020202020202021202020202021
303030313131313131303030303130313030303030303030303
121202020202020202020202021202020202020202020212021
303030313031303030303030303030303031303030303130303
120202020202020202020202020202020212020202020202021
303030313131303030313030303030303030303131303030303
120202020202021212020212021204020202120202020202021
303131303030303030303030303030303030303131303131303
120202021202021202021202020202020202120202020202021
313030313030303031303031303030313030303130303030303
120202020202020212120202021202020202120202021202021
303030303030303030303031313030303030303130303030303
120202121204020212121202021202020202120202020202021
303030313030303030303030303031303031303030303030303
121202120212020202020202020202020202020202120202021
303030313030303030303130303030313030303030303030303
120202121202120202120212020202121202120212020202121
303030303030303030303130303030303031303031303030303
120202020202021212020202020202020202020202020202121
303030303030313030303030303030303031303130303031303
120212020202020202120202020202020202121212020202021
303030303131303030303131303030303130303030313130313
120202121202020202020212020202020202020212021214121
303030313030303030313030303030303030303031303030303
121202021202020202020212020202120202020202020202021
303030303131303131303131303030303030303030303030303
120202020202020212021202021212120202020202020202021
303030313031303030303030303130303030303030303031303
120202020202021202120202020202020202021202020202021
303030303031303130303030303030303031303030303030303
120212020202021202020212020212020212020202020212021
313131313131313131313131313131313131313131313131313
+++
313131313131313131313131313131313131313131313131313
120212020202020212020212021202041202020202021202021
303030303131303130303030303031303031303130313030303
120202120202020202120212020202020202020202120202021
313030303030303031303030303031303030313030303031303
121202020202021212020202020202020202020202120212021
303030313130303030303030313130303030303031303030303
120202120202120202120202020202020202121202021212021
303031303030303030313030303130303031303030303031303
120202021202021202020212021202020202020212020202021
303131313030313031313030303031303030313030313130303
120202020202020212020202120212020202020202020202021
303130313130303031303031303031303130313031303031313
120202020212020202120202120202021202020202020202021
303031303030303030303030303131303030303030303030303
120212021202020202021202120212020202020202020202041
303030303031303030303031303030303030303030303030313
120202020202021202020202020202020202020202120202021
303030303031313130303030303030303030303130303030313
121202020202020202020202021212020202020202020202021
303031303130313030303031303030303031313031303030303
120202020202020202120202020202020202020202021202021
303031313030303030303130313030303030303030303030303
120202021202020202120202021212120202021202020202021
303130303030303031303030303030303030303030303031313
121202120202120202021202021212020202020212120202021
303030303030303030313030303030313030313030303030303
120212020212120202120212020202020202020202020202021
313031303030303130303030303031303030303031303030303
120202020212020202020202020202020202020202040212121
313131303130313030303130303031303030303030303031303
120202020202020212020202021202021202020202020202021
303031303030303030303030303030303030303031303030313
120202020212020202020212021202020202020202020212021
313130313030303031303030303130303031303030303031303
120212020202020202020202020202020202020202020212021
303030303031303030303031313030303130303030303030303
120212020202020202020202020202020202121202020202021
303030303130313030303131303130303030303030303030303
120212020202020212021202020202121212020212120212021
303030303030303030303030303130303030303030303030303
120202020212020202020202020202020212120202020202021
303130303030303030313030303030303030303030313030303
120202020202120212020202020212020202020202020202021
303030303030303030303130303030303030303030303030313
120212021202020202020202020202020202020202020202021
303030303130303131313030303030303130303031303130303
120202020212020202120212020202020202020202020212021
313030313030303030303030313030303030303030303031303
120202020202020202021202021202020202140202120202021
313131313131313131313131313131313131313131313131313
